216 Teddiursa 26 79 446
175 Togepi 31 26 210
353 Shuppet 35 8 383
033 Nidorino 91 100 922
363 Spheal 28 76 781
089 Muk 15 73 828
098 Krabby 73 12 995
126 Magmar 81 46 483
213 Shuckle 25 28 331
005 Charmeleon 57 23 634
183 Marill 80 68 113
055 Golduck 15 25 861
312 Minun 37 40 595
145 Zapdos 65 98 862
297 Hariyama 48 43 377
206 Dunsparce 49 10 207
024 Arbok 15 79 862
021 Spearow 89 63 871
163 Hoothoot 72 52 550
148 Dragonair 74 66 193
014 Kakuna 100 69 640
052 Meowth 103 56 82
001 Bulbasaur 90 94 916
367 Huntail 88 20 342
029 NidoranO 98 3 152
043 Oddish 81 104 806
338 Solrock 22 32 796
070 Weepinbell 61 87 273
073 Tentacruel 41 80 696
059 Arcanine 46 76 428
045 Vileplume 68 45 853
265 Wurmple 65 49 121
079 Slowpoke 10 18 104
305 Lairon 68 18 457
147 Dratini 79 64 426
048 Venonat 16 54 1045
133 Eevee 82 67 1052
130 Gyarados 76 30 937
107 Hitmonchan 79 74 101

